[{'inputs': [{'owners_before': ['7QsVDEAGFECTHzimG3BogQm24yuLsXj4bUpfuAv7CfSp'],
    'fulfills': None,
    'fulfillment': 'pGSAIF9DkLhlrnld4g5DVCyZPCa8QuRFRBq-njc1QVPEN7OpgUCoZ2CUJ-yJJR0JAFsmL8sPix_fl0Dxaviw9S4B0Z-rYGgo5a4ryUOeoLTBASAgO4fJUjZ16Zsj9DF7LMyJ30MM'}],
  'outputs': [{'public_keys': ['7QsVDEAGFECTHzimG3BogQm24yuLsXj4bUpfuAv7CfSp'],
    'condition': {'details': {'type': 'ed25519-sha-256',
      'public_key': '7QsVDEAGFECTHzimG3BogQm24yuLsXj4bUpfuAv7CfSp'},
     'uri': 'ni:///sha-256;1dU32-23b3roBSmL2rI6JW-uMwAAesG1LV-LAA5gFvc?fpt=ed25519-sha-256&cost=131072'},
    'amount': '1'}],
  'operation': 'CREATE',
  'metadata': {'label': 'plane|car|ship|horse|truck',
   'belongTo': 'model_A.json',
   'section': 1,
   'new_update': 'yes',
   'final_update': 'yes'},
  'asset': {'data': {'model_structure': 'BatchNorm1d(768, eps=1e-05, momentum=0.1, affine=True, track_running_stats=True)|Linear(in_features=768, out_features=128, bias=True)|GELU()|Linear(in_features=128, out_features=6, bias=True)',
    'model_parameters_name': '0.weight|0.bias|1.weight|1.bias|3.weight|3.bias|0.running_mean|0.running_var',
    'model_parameters_vals': [-0.02317839488387108,
     -0.020443767309188843,
     0.037328679114580154,
     -0.03302217274904251,
     -0.006520939525216818,
     0.005087908823043108,
     0.03616943582892418,
     -0.0034034422133117914,
     0.00021238281624391675,
     0.00787633378058672,
     0.040092602372169495,
     0.026957815513014793,
     -0.00763238500803709,
     0.06127495691180229,
     -0.02667020447552204,
     -0.05632976442575455,
     0.04420294612646103,
     -0.024724513292312622,
     -0.018650315701961517,
     0.03361092880368233,
     0.04241577163338661,
     -0.028064709156751633,
     -0.05788825452327728,
     -0.012637833133339882,
     0.02889575995504856,
     -0.055001504719257355,
     0.0899474173784256,
     -0.014020728878676891,
     -0.004091556649655104,
     0.036493878811597824,
     0.021644707769155502,
     0.006488828919827938,
     0.060736048966646194,
     0.024524057283997536,
     -0.062400493770837784,
     0.05500241741538048,
     -0.009257527068257332,
     -0.06193144991993904,
     0.0977819487452507,
     -0.07303464412689209,
     0.052470602095127106,
     -0.008389543741941452,
     -0.015202846378087997,
     0.012831443920731544,
     0.0638805478811264,
     -0.015030249021947384,
     0.027901044115424156,
     0.07395753264427185,
     0.023813912644982338,
     -0.003279790049418807,
     -0.0705287829041481,
     -0.024999575689435005,
     -0.03220827504992485,
     0.031613048166036606,
     -0.04398277401924133,
     -0.022008033469319344,
     -0.08009190857410431,
     -0.05147482827305794,
     0.0868714302778244,
     0.023818159475922585,
     0.0018504528561607003,
     -0.07237378507852554,
     -0.01868416741490364,
     -0.05148392543196678,
     -0.022317862138152122,
     0.0538935549557209,
     -0.033096205443143845,
     -0.006474490277469158,
     0.06622841209173203,
     0.0029929440934211016,
     0.05617737025022507,
     0.009101600386202335,
     0.02163764461874962,
     0.0020633975509554148,
     0.010266082361340523,
     -0.030506009235978127,
     -0.03935375064611435,
     0.04925007373094559,
     0.03646543249487877,
     -0.00569854537025094,
     0.066612109541893,
     -0.017719203606247902,
     0.030208861455321312,
     -0.01699446700513363,
     0.028118444606661797,
     -0.08292567729949951,
     0.03161538019776344,
     -0.01803288795053959,
     -0.027768809348344803,
     0.04049540311098099,
     -0.01680564135313034,
     0.05951625853776932,
     0.0240666251629591,
     -0.004066357854753733,
     -0.08740710467100143,
     -0.02290748991072178,
     0.047968219965696335,
     -0.02712337113916874,
     -0.03008485771715641,
     0.0046036215499043465,
     0.012701538391411304,
     -0.05992117524147034,
     0.06471433490514755,
     -0.05544377118349075,
     -0.02703952230513096,
     -0.04920035973191261,
     0.012454736977815628,
     0.03824666514992714,
     -0.003542385995388031,
     -0.06934135407209396,
     0.005555044859647751,
     0.01467023603618145,
     -0.0429970882833004,
     0.028078263625502586,
     -0.04446062073111534,
     0.036383140832185745,
     0.01290898211300373,
     -0.033238526433706284,
     0.014414113014936447,
     -0.008693305775523186,
     0.018806379288434982,
     -0.024325622245669365,
     -0.0862792506814003,
     -0.005540233571082354,
     0.019434651359915733,
     -0.05809500813484192,
     0.07165268808603287,
     -0.05363049358129501,
     0.060110967606306076,
     0.0314553864300251,
     0.0332132950425148,
     0.04778650775551796,
     0.05870365723967552,
     0.07086601853370667,
     0.003903414588421583,
     -0.02358199842274189,
     -0.024065738543868065,
     0.02597930282354355,
     0.07542850077152252,
     -0.00017082849808502942,
     -0.031213877722620964,
     0.0663621798157692,
     0.026493530720472336,
     -0.018771225586533546,
     -0.003195890225470066,
     0.022238317877054214,
     -0.004679810255765915,
     -0.023208431899547577,
     0.01650313287973404,
     0.033945973962545395,
     -0.025915706530213356,
     0.10386734455823898,
     -0.015683423727750778,
     0.009046572260558605,
     0.051934197545051575,
     -0.017796969041228294,
     0.037357136607170105,
     -0.004874567501246929,
     -0.05178682506084442,
     0.019726427271962166,
     0.03043626993894577,
     -0.015956314280629158,
     -0.12496385723352432,
     -0.004324831999838352,
     -0.03249324858188629,
     0.0007852258277125657,
     0.03998051956295967,
     -0.04337038844823837,
     0.04557466506958008,
     -0.01963764987885952,
     -0.014915958046913147,
     0.02718573808670044,
     0.032492246478796005,
     0.015594469383358955,
     0.04514153674244881,
     0.03701325133442879,
     0.01286972127854824,
     0.03091692365705967,
     0.0079187685623765,
     0.04107070341706276,
     0.06594959646463394,
     0.03754105791449547,
     0.02522066980600357,
     -0.015558063052594662,
     0.00952623039484024,
     0.02189737558364868,
     0.018590373918414116,
     -0.01934436708688736,
     -0.11545155942440033,
     0.0227502528578043,
     0.054445669054985046,
     -0.00701792212203145,
     -0.02638368494808674,
     0.018235450610518456,
     0.07337184995412827,
     0.02947254106402397,
     0.016200697049498558,
     0.07809051871299744,
     0.034635063260793686,
     -0.023537997156381607,
     -0.07271551340818405,
     0.009901246055960655,
     0.04135071858763695,
     0.0674128383398056,
     -0.06969885528087616,
     -0.027121247723698616,
     0.033500541001558304,
     -0.07136070728302002,
     -0.06413106620311737,
     0.05835750326514244,
     -0.06058274582028389,
     -0.0174091886729002,
     -0.010833390057086945,
     0.012500223703682423,
     0.014951364137232304,
     -0.042189281433820724,
     0.013457267545163631,
     0.009337088093161583,
     -0.01943379081785679,
     0.03903765231370926,
     0.042821697890758514,
     -0.011805365793406963,
     -0.03696787729859352,
     0.009381959214806557,
     -0.012706250883638859,
     0.050324130803346634,
     0.034873973578214645,
     -0.06678276509046555,
     0.018299655988812447,
     0.013774470426142216,
     0.08907940983772278,
     -0.013417555019259453,
     -0.14421622455120087,
     0.013337290845811367,
     0.04765636846423149,
     -0.08467227220535278,
     0.025086544454097748,
     -0.004124860744923353,
     0.10242404043674469,
     0.0032701597083359957,
     0.01986095681786537,
     0.007987599819898605,
     -0.029460322111845016,
     0.0027953998651355505,
     -0.032711874693632126,
     -0.037377458065748215,
     -0.020443178713321686,
     -0.01083039864897728,
     0.0005041213589720428,
     0.030341291800141335,
     -0.044971391558647156,
     0.0307681392878294,
     0.02368413284420967,
     -0.005825566593557596,
     -0.016928663477301598,
     0.03997649624943733,
     0.12190132588148117,
     -0.014478417113423347,
     0.01879134401679039,
     -0.023304598405957222,
     -0.016337282955646515,
     0.03219832479953766,
     0.041367124766111374,
     0.03258424624800682,
     0.01395964715629816,
     -0.03640366718173027,
     0.01477986853569746,
     -0.0035204917658120394,
     0.0398961640894413,
     0.027140844613313675,
     -0.035189587622880936,
     0.0013837531441822648,
     0.0165451318025589,
     0.011453844606876373,
     -0.037644434720277786,
     -0.001701420871540904,
     0.009802168235182762,
     -0.023626085370779037,
     0.030590834096074104,
     0.029103757813572884,
     -0.007468016818165779,
     0.019209131598472595,
     -0.009983135387301445,
     0.033783476799726486,
     0.04748185724020004,
     -0.03173992782831192,
     -0.03373647481203079,
     -0.03496983274817467,
     0.0103912940248847,
     -0.015499084256589413,
     0.0328870452940464,
     -0.0062065343372523785,
     -0.05829622223973274,
     -0.08338373154401779,
     -0.003819453762844205,
     -0.0629824548959732,
     -0.01861410029232502,
     0.010533620603382587,
     0.037608809769153595,
     0.00019786453049164265,
     -0.016804879531264305,
     -0.009264846332371235,
     0.04616579785943031,
     0.0005147099145688117,
     -0.05424956977367401,
     -0.041742242872714996,
     -0.037260305136442184,
     -0.028918810188770294,
     -0.07327107340097427,
     -0.012814961373806,
     0.017114389687776566,
     0.03011094033718109,
     0.018562687560915947,
     0.057041142135858536,
     -0.033414244651794434,
     -0.03725263848900795,
     -0.04802021384239197,
     0.05927162617444992,
     0.0685749277472496,
     0.03586197271943092,
     -0.025952249765396118,
     -0.004985901527106762,
     0.03785163164138794,
     -0.01217819657176733,
     0.03209221363067627,
     0.02318515256047249,
     -0.03804129734635353,
     0.04082116857171059,
     -0.02174270525574684,
     -0.012519923970103264,
     -0.025464078411459923,
     -0.019741130992770195,
     -0.042063381522893906,
     -0.0011381114600226283,
     0.01902339793741703,
     -0.009206296876072884,
     -0.049224745482206345,
     0.03155127167701721,
     0.020191052928566933,
     0.024737251922488213,
     0.003526287851855159,
     -0.05513036623597145,
     -0.06610068678855896,
     0.01789063774049282,
     -0.04862095043063164,
     0.026914501562714577,
     -0.020710263401269913,
     -0.023408357053995132,
     0.03291378915309906,
     -0.02126854471862316,
     0.041128985583782196,
     -0.010071879252791405,
     0.007705591153353453,
     -0.025536293163895607,
     -0.007705033291131258,
     0.027838222682476044,
     -0.026374394074082375,
     0.023085186257958412,
     0.006716013886034489,
     -0.024986298754811287,
     -0.023216599598526955,
     -0.006935961078852415,
     0.05232561007142067,
     0.021438222378492355,
     -0.07831559330224991,
     0.01697377860546112,
     0.0078103565610945225,
     0.0028793064411729574,
     -0.0021278660278767347,
     -0.09597734361886978,
     0.031585920602083206,
     -0.0187753327190876,
     0.009050702676177025,
     0.047776710242033005,
     -0.01662685163319111,
     0.02823796309530735,
     0.027659069746732712,
     -0.018458859995007515,
     0.08482594043016434,
     0.046674489974975586,
     -0.015344200655817986,
     -0.014764736406505108,
     -0.06835837662220001,
     0.03559689223766327,
     -0.06130056455731392,
     -0.01800009422004223,
     0.06168936938047409,
     -0.028679249808192253,
     0.07009635865688324,
     0.10251937806606293,
     0.06746841222047806,
     -0.0954432561993599,
     -0.05231141671538353,
     0.029983017593622208,
     -0.021527277305722237,
     -0.02813817374408245,
     -0.06252505630254745,
     0.012432324700057507,
     -0.0935259610414505,
     -0.023315561935305595,
     -0.006826344877481461,
     0.061678968369960785,
     0.030637068673968315,
     0.03640470653772354,
     -0.008234319277107716,
     0.05732640624046326,
     -0.021796036511659622,
     -0.020489847287535667,
     -0.09303861856460571,
     -0.03495550528168678,
     0.017628531903028488,
     -0.0023119449615478516,
     -0.045052144676446915,
     -0.04779520630836487,
     0.007857524789869785,
     -0.029677167534828186,
     -0.008455812931060791,
     0.04616850987076759,
     -0.05678888037800789,
     0.007803639862686396,
     -0.0060415565967559814,
     0.031690966337919235,
     0.015600464306771755,
     0.00048171484377235174,
     -0.02256799302995205,
     -0.03155789524316788,
     0.020995045080780983,
     0.06338575482368469,
     0.01814354956150055,
     -0.024244682863354683,
     0.039064519107341766,
     -0.06514333933591843,
     -0.045155785977840424,
     -0.005436975974589586,
     -0.023859649896621704,
     -0.005294110160320997,
     0.04584113135933876,
     0.02370767667889595,
     0.006524046882987022,
     -0.047145161777734756,
     0.02632269077003002,
     0.0041456981562078,
     -0.02021835744380951,
     -0.09225139021873474,
     0.07070581614971161,
     -0.07522237300872803,
     -0.07987891882658005,
     -0.0473400354385376,
     0.01899651065468788,
     0.05671197548508644,
     0.03402596712112427,
     -0.0008171522640623152,
     0.05645645409822464,
     -0.024489667266607285,
     -0.04420771822333336,
     -0.039377663284540176,
     -0.00923907570540905,
     -0.0014272700063884258,
     0.0880671814084053,
     -0.015520262531936169,
     0.003995583858340979,
     -0.029788320884108543,
     0.004640041384845972,
     -0.11090856790542603,
     -0.02239660918712616,
     0.024375610053539276,
     0.03526783734560013,
     0.058457840234041214,
     0.036332666873931885,
     -0.0005509959300979972,
     -0.09054131805896759,
     -0.04159417748451233,
     0.005136428400874138,
     0.034832362085580826,
     0.001956065185368061,
     0.004126340616494417,
     0.015696173533797264,
     0.036894239485263824,
     -0.007344874553382397,
     -0.0014119538245722651,
     0.04810214415192604,
     0.06737898290157318,
     0.009730854071676731,
     0.030302979052066803,
     -0.0466051809489727,
     0.028025677427649498,
     -0.04477226734161377,
     0.07404877245426178,
     0.07229473441839218,
     0.056422341614961624,
     0.04385045915842056,
     0.03399216756224632,
     0.031330302357673645,
     0.11324514448642731,
     0.021570760756731033,
     0.014568996615707874,
     0.030767332762479782,
     0.029008949175477028,
     0.01653023436665535,
     0.07947095483541489,
     -0.0538785494863987,
     -0.05590658634901047,
     0.036541495472192764,
     -0.03840870410203934,
     0.04982704296708107,
     0.006586070638149977,
     -0.03245518356561661,
     -0.05542498826980591,
     0.0005275125149637461,
     0.06159928813576698,
     -0.03319872170686722,
     -0.08067694306373596,
     -0.06765296310186386,
     -0.053050193935632706,
     0.037507157772779465,
     -0.009616014547646046,
     0.02649487741291523,
     -0.017247190698981285,
     0.02539149485528469,
     -0.012143626809120178,
     -0.05255680903792381,
     -0.10505509376525879,
     -0.006146704312413931,
     -0.0023572540376335382,
     0.017747391015291214,
     -0.01855807937681675,
     0.005232802592217922,
     -0.032636020332574844,
     -0.013314307667315006,
     -0.04504720866680145,
     -0.052121683955192566,
     -0.0321415476500988,
     0.0068685258738696575,
     -0.054098404943943024,
     0.03762364014983177,
     -0.01036001369357109,
     -0.006237627938389778,
     -0.06965482980012894,
     -0.022980201989412308,
     0.044325247406959534,
     0.021438004449009895,
     -0.015747973695397377,
     0.006672588177025318,
     0.023454545065760612,
     0.03291134163737297,
     0.012581529095768929,
     -0.036916475743055344,
     -0.04627944901585579,
     -0.006691993214190006,
     -0.07664085924625397,
     0.009894143790006638,
     -0.0009508072398602962,
     0.008349979296326637,
     -0.0035872007720172405,
     -0.028238587081432343,
     -0.013715066947042942,
     0.03039126843214035,
     0.021388130262494087,
     -0.045928653329610825,
     0.015884285792708397,
     0.021037811413407326,
     -0.03767693042755127,
     -0.049199361354112625,
     -0.030179738998413086,
     -0.021837282925844193,
     -0.09379703551530838,
     -0.001966343726962805,
     -0.05807533860206604,
     -0.04228322207927704,
     0.0031649693846702576,
     0.03580455854535103,
     0.02141761966049671,
     -0.00031624786788597703,
     0.002548712305724621,
     -0.06100712716579437,
     0.02531633898615837,
     0.09277085959911346,
     0.024076513946056366,
     0.05365484952926636,
     -0.053140342235565186,
     0.027473419904708862,
     -0.008179298602044582,
     0.0794508308172226,
     -0.07334853708744049,
     -0.006533446721732616,
     0.027168365195393562,
     -0.019665254279971123,
     -0.014309476129710674,
     0.0014966039452701807,
     -0.07952430844306946,
     -0.006147480569779873,
     0.021106773987412453,
     -0.009412449784576893,
     -0.036933496594429016,
     -0.05058886110782623,
     -0.04830196127295494,
     0.11464163661003113,
     0.08770895004272461,
     -0.002963953884318471,
     -0.012201869860291481,
     0.028734995052218437,
     0.03761922940611839,
     -0.018955571576952934,
     -0.01752549596130848,
     -0.024740666151046753,
     -0.02856604754924774,
     -0.04849158599972725,
     0.0684993788599968,
     0.00724963191896677,
     -0.05725879594683647,
     -0.028648369014263153,
     -0.0270753875374794,
     -0.035508133471012115,
     -0.046640586107969284,
     -0.04717269539833069,
     -0.03892495855689049,
     -0.03716413304209709,
     -0.029898306354880333,
     0.0004823826311621815,
     0.053595997393131256,
     -0.03810412064194679,
     0.014845340512692928,
     0.02828987129032612,
     -0.018760360777378082,
     0.0013451848644763231,
     0.11980631947517395,
     0.033513862639665604,
     -0.03709430620074272,
     -0.04414493963122368,
     0.05798863247036934,
     0.00062802922911942,
     0.05600603669881821,
     -0.04674322158098221,
     0.0059593780897557735,
     0.05449523404240608,
     -0.13722193241119385,
     0.04130610078573227,
     0.02331923507153988,
     -0.0005732822464779019,
     0.05726047605276108,
     0.04197802022099495,
     0.07491351664066315,
     0.05371394380927086,
     -0.035758133977651596,
     0.00980790238827467,
     0.05906730890274048,
     -0.03360770642757416,
     -0.029049478471279144,
     -0.062300220131874084,
     0.06522797048091888,
     0.026190578937530518,
     -0.02889695018529892,
     0.0187215693295002,
     0.0008539813570678234,
     0.0402924083173275,
     -0.0628751665353775,
     0.005753108765929937,
     -0.0008828203426674008,
     -0.03731292486190796,
     0.06226067245006561,
     -0.06536024808883667,
     -0.041734617203474045,
     0.02218710444867611,
     -0.025805635377764702,
     -0.05196349695324898,
     0.028323492035269737,
     -0.06890041381120682,
     -0.0023553234059363604,
     -0.05110274627804756,
     -0.013525617308914661,
     0.019853025674819946,
     -0.05778761953115463,
     -0.017637042328715324,
     -0.02631065994501114,
     -0.038589879870414734,
     -0.035286467522382736,
     0.04591722786426544,
     0.049696821719408035,
     -0.014668413437902927,
     0.029902992770075798,
     0.0012363612186163664,
     -0.022416161373257637,
     0.012633368372917175,
     -0.014715858735144138,
     0.025491807609796524,
     -0.003647774690762162,
     0.04222254082560539,
     -0.028517358005046844,
     0.013216094113886356,
     0.07210038602352142,
     0.019317248836159706,
     0.008130813017487526,
     0.04607556387782097,
     0.004425170365720987,
     -0.08962899446487427,
     -0.02687295526266098,
     -0.01726287417113781,
     0.005574526730924845,
     0.04035996273159981,
     -0.022053809836506844,
     -0.015080916695296764,
     -0.007586455438286066,
     0.016672691330313683,
     0.07735452800989151,
     0.04982256889343262,
     -0.005328288767486811,
     -0.03294242173433304,
     0.003974084742367268,
     -0.027006106451153755,
     -0.013770309276878834,
     0.027689272537827492,
     -0.007212533615529537,
     0.01428184937685728,
     0.008968750946223736,
     -0.031118689104914665,
     -0.011735204607248306,
     0.0027067523915320635,
     -0.014741776511073112,
     -0.02812407724559307,
     0.030935226008296013,
     -0.03701004758477211,
     0.002887580543756485,
     0.07567381858825684,
     0.000757530506234616,
     -0.002105475403368473,
     0.04004250094294548,
     -0.01057524885982275,
     0.007430787198245525,
     -0.04962418973445892,
     0.018203718587756157,
     -0.07720208168029785,
     -0.002974563278257847,
     0.05661100521683693,
     -0.013942661695182323,
     -0.055384986102581024,
     0.009933194145560265,
     0.01580573432147503,
     0.007389477454125881,
     0.03385155647993088,
     0.047994215041399,
     -0.020257486030459404,
     0.005764139350503683,
     0.01819492317736149,
     0.0698731318116188,
     0.007814978249371052,
     -0.006658568512648344,
     0.02317027747631073,
     0.03529765456914902,
     -0.03209782764315605,
     -0.0014337714528664947,
     -0.02281784452497959,
     -0.0341169536113739,
     0.030945787206292152,
     -0.06448972225189209,
     0.01692361570894718,
     0.025475239381194115,
     -0.02719694934785366,
     -0.01327491831034422,
     0.004828049335628748,
     0.07130226492881775,
     -0.03238930180668831,
     -0.012859598733484745,
     1.7659329387242906e-05,
     -0.013960860669612885,
     -0.06598342955112457,
     0.05998105928301811,
     0.03423390910029411,
     0.059668686240911484],
    'label': 'plane|car|ship|horse|truck'}},
  'version': '2.0',
  'id': '3fb47de6198c54d4e89e5d80eede831d3e4c62e11e9b536fdd2050e4be8ab67f'}]